time,x,y,z,phi,theta,psi,x_velocity,y_velocity,z_velocity,phi_velocity,theta_velocity,psi_velocity,rotor_speed1,rotor_speed2,rotor_speed3,rotor_speed4
0.06,-1.5336665133e-05,3.87194629788e-05,10.0068008498,0.00905755442681,0.00305996186414,0.0,-0.00090541658384,0.00234618730965,0.226673245518,0.0317900993536,-0.0203998500111,0.0,476.0337252323252,474.4704993730264,474.32720368751535,476.76182681767733
0.12000000000000001,-0.000145812583924,0.000392427696883,10.0250571527,0.0115246278472,0.00464949811453,0.0,-0.0036404571082,0.0097259796192,0.381826905716,0.022307434026,-0.040013645475,0.0,454.73543592791737,453.16162861641584,454.7284498410918,453.96853724027767
0.18,-0.000465673513532,0.00125744328889,10.0540264772,0.0132420235475,0.00252124935258,0.0,-0.00678025749377,0.0193174332931,0.583733802217,0.0142579832145,-0.0470575800397,0.0,467.9599445074252,467.41051478111194,469.2682500645129,468.64304511797667
0.23999999999999996,-0.000930888974543,0.00273335793425,10.0947613799,0.0147874909347,0.00268291111754,0.0,-0.00872488504843,0.0300684648358,0.773983736739,0.00387982288137,-0.0292932381074,0.0,465.5853559615558,466.97211055550434,464.2393850723228,463.42434113070567
0.3,-0.0015055320099,0.0048215887444,10.1424806092,0.0161130310823,0.003012108789,0.0,-0.0104468935411,0.0396530209962,0.816625542859,0.0141937482583,-0.0146233924064,0.0,418.19411338553397,419.46967211578357,418.63426006414574,419.5305306770737
0.36000000000000004,-0.00220579818013,0.00755042064591,10.1952777268,0.0171558434312,0.00491647260914,0.0,-0.013117455704,0.0514128637291,0.94317929187,0.0179315843251,-0.0341333644131,0.0,446.4942680491226,444.8999053367897,446.09562671717305,446.4006029801613
0.4200000000000001,-0.0030867889932,0.0109265653886,10.2509179349,0.0185733537724,0.00829394425867,0.0,-0.0165500047676,0.0612489073229,0.911516141981,0.0102174093817,-0.0608776313119,0.0,394.99173242886445,392.51652266001025,394.3548463584002,393.6416623328156
0.48000000000000015,-0.00428001855212,0.0150500413928,10.311702824,0.0204392345985,0.00864478356909,0.0,-0.0232914194056,0.0764024949355,1.11446598528,0.0213373061352,-0.0840293664577,0.0,469.3014837054022,467.4979022489759,469.83778109678923,470.69889869972377
0.5400000000000001,-0.00588553105536,0.0200850005027,10.382709328,0.0217260107556,0.012921279447,0.0,-0.0307226912035,0.0915675416298,1.25226776002,0.018645690159,-0.118690875631,0.0,451.21928311939337,448.40487542966093,450.38753007491846,450.1697827805794
0.6000000000000002,-0.00800366458801,0.0261151215073,10.4638460941,0.0264306767217,0.00586572514463,0.0,-0.0390529646803,0.110006228046,1.45205318531,-0.00333293153492,-0.116833925922,0.0,469.44733675345196,469.57968477472565,469.57099258539273,467.8629908679451
0.6600000000000003,-0.0104486165945,0.0332660261341,10.5541642928,0.0263334110391,0.000743271232817,0.0,-0.0419032631714,0.128340548938,1.55841632432,-0.00082274220017,-0.10293659233,0.0,440.5436306725367,441.67986534684655,440.9547432521393,441.1620907267634
0.7200000000000003,-0.0129552580922,0.0414823158145,10.6495024987,0.0272629982932,6.27775813784,0.0,-0.0410602481787,0.145613082581,1.61943587392,0.00888208513618,-0.105597466211,0.0,427.47685261494297,427.24020353550645,425.9502912420085,426.77932128000106
0.7800000000000004,-0.0152915263704,0.0507684505578,10.7490659104,0.0281232123298,6.27255104133,0.0,-0.0363133888783,0.164000868816,1.69922272512,0.0140628875367,-0.118498254423,0.0,434.11898153176224,433.0241814001655,432.4758368698164,432.9118355081163
0.8400000000000004,-0.0172301371843,0.0612074348839,10.8545152451,0.0293440948121,6.26833297767,0.0,-0.0278895452203,0.184080951308,1.81556791485,0.0196960903122,-0.138366196177,0.0,446.3087078919596,444.6700379634203,444.25671714968297,444.7182456006954
0.9000000000000005,-0.0186082212029,0.0728034681742,10.9642073925,0.0324046474046,6.26170828045,0.0,-0.0174589293725,0.202744394909,1.84077640792,0.003433040054,-0.153804951594,0.0,418.2557387423195,416.8883292572275,415.02945505003066,413.5996125106659
0.9600000000000005,-0.0191417570682,0.0857870563485,11.0804027621,0.0471168690768,6.25960109002,0.0,-5.75143846452e-05,0.231682940773,2.03200918812,0.0439725313634,-0.125748866306,0.0,467.72958590263875,469.89103910779284,466.3991771206178,469.5545353103958
1.0200000000000005,-0.0186887538138,0.100611610222,11.2036114056,0.0563638229823,6.25739037112,0.0,0.0153849987743,0.263303833621,2.07481544289,0.070958620811,-0.101620855592,0.0,421.4525090713512,423.51945850882703,422.00116808997535,424.32613076616946
1.0800000000000005,-0.0171512439242,0.117761551695,11.333858882,0.0638763431724,6.25559012802,0.0,0.0360887556075,0.309184714654,2.26634304091,0.0895581829458,-0.0800820097268,0.0,469.0402615496284,470.7028930277048,468.60282581522625,470.0507544646322
1.1400000000000006,-0.0144151235947,0.137629391641,11.4723274649,0.071418507645,6.25214958476,0.0,0.0554647220924,0.353830347544,2.34903901106,0.0721810707977,-0.0684307730488,0.0,436.211298199528,437.1784425523782,438.02933894773014,436.5877990821709
1.2000000000000006,-0.0104943419169,0.160214907316,11.6142073893,0.0794876385806,6.24810901052,0.0,0.0755992624985,0.399734431367,2.38015037153,0.0921945626399,-0.0665859192353,0.0,420.8228390846496,420.9787598403245,419.6840999649155,421.4229477445768
1.2600000000000007,-0.0051388665504,0.186069759776,11.7623708931,0.0890536670139,6.24615792454,0.0,0.103141031872,0.463121134447,2.55813706498,0.113029446595,-0.052078668789,0.0,466.29734760841313,467.426681322554,466.94034158752584,468.57076945976274
1.3200000000000007,0.0017950901857,0.215643534799,11.9179492752,0.0960512688807,6.24324024664,0.0,0.128273515445,0.523329059146,2.62755996545,0.117057659766,-0.0481519940119,0.0,434.26125289138923,434.5887977026137,434.7259111522438,435.0752861121186
1.3800000000000008,0.0103246584043,0.249040963276,12.0784250419,0.10317820867,6.24036603927,0.0,0.156324184543,0.590614659913,2.72130665058,0.112134087239,-0.0511495285057,0.0,443.25531266577985,443.00740098897194,443.02714791333085,442.63410234780906
1.4400000000000008,0.0204770228368,0.286342467743,12.2418597836,0.11051316299,6.238483721,0.0,0.182240758093,0.653397639159,2.72640766609,0.119551394061,-0.0643431512915,0.0,414.6377299616894,413.47465989992145,415.02521204942565,415.68844492066523
1.5000000000000009,0.032475045742,0.328160188179,12.4111058829,0.117720940638,6.23510446278,0.0,0.218050868094,0.741289366945,2.91451937296,0.120718135457,-0.073237750011,0.0,473.23535807096073,472.54711647013033,472.80523175351686,472.90712850118604
1.560000000000001,0.0466151271703,0.375214558034,12.5898220294,0.128035862713,6.23145529018,0.0,0.25366478404,0.82821065284,3.04215847285,0.13875429788,-0.0649065403348,0.0,455.5334770688077,456.1955396753613,455.14725905649084,456.60267732168643
1.620000000000001,0.0629100753489,0.427565222581,12.7750123976,0.141501497151,6.22760110978,0.0,0.289869761941,0.918090502049,3.13036329409,0.162418702365,-0.0686102144116,0.0,445.59128496229687,445.28516338007597,442.99099000487377,444.9528480229269
1.680000000000001,0.0817906468101,0.486437066833,12.9714806142,0.151324087692,6.22527167643,0.0,0.339714745404,1.04543320678,3.41748110173,0.164494631343,-0.0845042832484,0.0,504.71101477040696,503.55899834021017,505.4928202106687,505.66421405805687
1.740000000000001,0.103511959277,0.552622814548,13.1813380231,0.161808794486,6.2202577372,0.0,0.384857661355,1.16182572696,3.57697688914,0.154619116965,-0.0828413484043,0.0,470.3109953482695,470.4344454097521,470.08856599324474,469.34587693361215
1.8000000000000012,0.127993444635,0.625872851687,13.3998142071,0.172321180029,6.21619693657,0.0,0.431604393256,1.28084420879,3.70484645268,0.165652074177,-0.0735250546494,0.0,461.4253130534199,462.15538598124124,461.8830818818586,462.77512225507877
1.8600000000000012,0.155331312196,0.706486356364,13.6259149435,0.182724793948,6.2204099485,0.0,0.479128825211,1.4072807185,3.83115645446,0.156889161057,-0.106918481286,0.0,464.590417883671,461.958928625774,463.15893676282514,462.49328320463553
1.9200000000000013,0.185597579126,0.795309434713,13.8617416551,0.192210409774,6.21830555459,0.0,0.529965754878,1.55441466598,4.02869462882,0.15886843771,-0.0853435317269,0.0,485.1326349184463,486.74235679789336,485.7471257298896,485.916742973664
1.9800000000000013,0.218775012397,0.892673287712,14.10638712,0.220966201059,6.21361949158,0.0,0.576401299234,1.69390165542,4.12496748675,0.109622911342,-0.0792237292291,0.0,456.8830601353338,457.365321038504,460.2620014761182,456.36605511547003
2.0400000000000014,0.254755403751,0.998658107916,14.3555939245,0.227537473711,6.20930839156,0.0,0.623344417869,1.83943354493,4.1813944848,0.109264495357,-0.0730404400429,0.0,447.7247490680966,448.222918947683,446.51902322404044,446.5003013760458
2.1000000000000014,0.293722472842,1.11382042913,14.6093911673,0.242898404454,6.20790925478,0.0,0.675673806036,2.00074342558,4.27755506649,0.0755362173481,-0.055282053911,0.0,459.5983061183557,461.0005741671665,463.3374896179931,460.685881845168
2.1600000000000015,0.335781757616,1.23867668256,14.8678498896,0.249743704035,6.20499805936,0.0,0.726558524901,2.16162092773,4.33713511843,0.0910394988134,-0.049402241235,0.0,450.79637376529803,451.2694744014323,451.21477102381044,452.46991756140653
2.2200000000000015,0.381026729356,1.37354930806,15.1307923693,0.256023101027,6.20256905568,0.0,0.781814405177,2.33455479739,4.42687108189,0.0998131042043,-0.0424996420742,0.0,461.7576831376334,462.30071271661404,462.21422961772646,462.9123362094198
2.2800000000000016,0.429342165829,1.51799967805,15.3955738612,0.264824217271,6.20002209168,0.0,0.828902525945,2.48109399067,4.39888197311,0.117022233041,-0.0450423802922,0.0,426.06833836594626,425.84972359186406,424.234489486217,425.7201120923891
2.3400000000000016,0.480469327068,1.67120136751,15.657988321,0.272812520923,6.19755080285,0.0,0.875527045731,2.6262096226,4.34807258124,0.104982769492,-0.0516455257206,0.0,418.25623235745934,417.6791645457168,419.137960781597,418.1023972179259
2.4000000000000017,0.534741851655,1.8341908144,15.9207505881,0.281008420791,6.19525141331,0.0,0.933741701156,2.80733106178,4.40992466903,0.118917242259,-0.0429785949948,0.0,455.25030044096417,455.9419415222526,456.5584528689589,457.6792635687238
2.4600000000000017,0.592657840734,2.00864721632,16.1883269096,0.316398738379,6.19387966008,0.0,0.996856987572,3.01127605632,4.50727694188,0.0594750976408,-0.0320843379054,0.0,469.9489738904025,470.79207385687954,471.79967654156246,467.19528993855437
2.520000000000002,0.653919506444,2.19435755188,16.4567331353,0.320210419273,6.19613070617,0.0,1.04498456577,3.17927729496,4.43956606562,0.0638084381548,-0.055702696635,0.0,419.6968351481664,417.64055091258234,418.1598903537735,418.54017015819534
2.580000000000002,0.718432653442,2.3916424054,16.7254334472,0.324308880015,6.19731388502,0.0,1.10523033978,3.39697374116,4.516350041,0.056791257047,-0.0802372063848,0.0,468.2259810725371,466.31026355562494,466.97708433841893,466.4318154082557
2.640000000000002,0.786382507147,2.6014043315,16.9968122034,0.3281407158,6.19254660163,0.0,1.16016521929,3.59516350027,4.52909342431,0.0628272147496,-0.0840976172288,0.0,447.6971254269893,447.37753130743795,448.0226158624951,448.5155699122114
2.700000000000002,0.857525167107,2.82244099944,17.2669288645,0.339346205846,6.18751852909,0.0,1.2116518615,3.77342580965,4.47433957345,0.0915223180631,-0.0871890303056,0.0,426.8020150233619,426.53175226811425,424.7441151277718,427.20279160155286
2.760000000000002,0.931874219063,3.0544364413,17.5340276376,0.34682074954,6.18244388737,0.0,1.26704908994,3.96016541909,4.42854232591,0.0748483886746,-0.0928890762467,0.0,431.2991619938206,430.8104945117151,430.5912576148692,429.1844994674614
2.820000000000002,1.00981757293,3.2983861211,17.8001796481,0.351314522655,6.181208762,0.0,1.33109143385,4.17157512578,4.44262130216,0.0723117252226,-0.116937643955,0.0,452.5238354530065,450.574809446915,451.8064479982441,451.6060231085909
2.880000000000002,1.09184939126,3.55580850661,18.0691581172,0.356197567571,6.17838374271,0.0,1.403469701,4.40919258384,4.52234531676,0.0629405113642,-0.14059709138,0.0,475.1201096205354,473.2892390184674,474.57770083287755,473.8610430956257
2.940000000000002,1.17778397375,3.82587001436,18.3383785765,0.361990465112,6.17215690133,0.0,1.46148912252,4.59306971786,4.45141408312,0.0773419266024,-0.158123507904,0.0,427.109024974954,425.5901629143926,425.1765329797198,426.4125235113103
3.000000000000002,1.26763893609,4.10804347119,18.6060094657,0.368332829591,6.16265873428,0.0,1.53450612191,4.81283014791,4.46876617667,0.0904823763937,-0.158935022873,0.0,456.72884908838444,456.64104978451627,456.70621960997954,457.7585098142144
3.0600000000000023,1.36185609849,4.40289666465,18.8731200505,0.376598960747,6.15396701502,0.0,1.60675939545,5.01591908972,4.43425987852,0.107772409749,-0.170273580265,0.0,441.9237284688658,440.9624767509607,440.75990093472126,442.1948176596507
3.1200000000000023,1.46082070552,4.71075453728,19.139942726,0.383064641051,6.14538704522,0.0,1.69276959753,5.2460822018,4.45886082461,0.10540470479,-0.185539458687,0.0,463.1782188457628,461.9474855548974,463.2363816767167,463.05965842080144
3.1800000000000024,1.56521219995,5.03273743071,19.4087813159,0.391010104069,6.1348317837,0.0,1.78787094978,5.48680075749,4.50119000929,0.11820340339,-0.178332621041,0.0,471.03312648876965,471.55987274619645,469.99559441321486,470.99659806346926
3.2400000000000024,1.67564384856,5.36958695302,19.6808465052,0.400788719314,6.12501923743,0.0,1.89400277818,5.74177510815,4.56609371694,0.0990079394385,-0.189922877207,0.0,481.56755046651125,480.6604688947353,481.59736701381405,480.1530637802219
3.3000000000000025,1.79210585604,5.72055449159,19.9536028519,0.411742002697,6.11453556938,0.0,1.98886019443,5.95755999483,4.52478656064,0.0732517593794,-0.201652597099,0.0,449.65992741584495,448.67219900011645,450.24856735955063,448.16625424982516
3.3600000000000025,1.91444587184,6.08457741641,20.223783008,0.419869959785,6.10254862505,0.0,2.09007647551,6.1766340701,4.48033857342,0.0932499266006,-0.198992785809,0.0,450.2332921388089,450.4095907659469,449.45682254143463,451.08015643750207
3.4200000000000026,2.04274425569,6.46110089825,20.4896490579,0.425589834557,6.09175023684,0.0,2.18731948719,6.37414997814,4.38145459057,0.0879963384197,-0.211957855682,0.0,433.1242261748437,431.99028499407615,433.67114694180447,433.2367908048774
3.4800000000000026,2.17734046438,6.8501080627,20.7508852368,0.432895291105,6.07964480266,0.0,2.3001211547,6.59273213768,4.32557663364,0.102432966467,-0.221813088173,0.0,448.77858408937504,447.9323650831407,449.920694793527,451.09546213704425
3.5400000000000027,2.31903435996,7.25252334218,21.0092441337,0.439438375393,6.06796385766,0.0,2.42386024194,6.82096303785,4.28543941122,0.108239033711,-0.237042602462,0.0,458.1831226253628,456.92082114623594,456.0418373385917,456.51467315947775
3.6000000000000028,2.46813617273,7.66823506324,21.2642246092,0.445929737903,6.05633821591,0.0,2.54701235126,7.03597628162,4.21314531094,0.105997132558,-0.255938124995,0.0,448.3992233584862,446.80223879068535,448.2039215975162,448.0316747119325
3.660000000000003,2.62530481441,8.09775610554,21.51662848,0.455814172423,6.04109973469,0.0,2.6930760524,7.28135139512,4.19874636049,0.0841956780235,-0.261087151968,0.0,470.7967111898699,470.3353085635664,470.60242258556997,468.91925206824715
3.720000000000003,2.79014018233,8.53962572841,21.7630987215,0.461029087905,6.02560443057,0.0,2.80247705532,7.44756737297,4.01686091333,0.0875801446099,-0.257616116786,0.0,412.22482017222205,412.4578069636045,412.2129098733189,412.5185834604071
3.780000000000003,2.96265268954,8.99301249264,22.0017204706,0.472281704231,6.01527000607,0.0,2.94857325619,7.6654667889,3.93603947941,0.0595249062858,-0.233995505922,0.0,450.19874498062427,452.0450424867026,451.90150040336664,449.6385322218438
3.840000000000003,3.14334751351,9.45829048935,22.2329704334,0.476027126867,6.00121998184,0.0,3.07552318777,7.84353049691,3.77212659703,0.0536009891055,-0.235653808559,0.0,422.47836437475786,422.27733149249724,422.3050188724597,421.7960384670379
3.900000000000003,3.33167084259,9.93392398298,22.4538133523,0.482218646027,5.98772025592,0.0,3.20278942005,8.01080878047,3.58912628657,0.0713346261137,-0.228013230834,0.0,414.6242473432971,415.23688876899536,414.79423653278343,416.35197940674294
3.960000000000003,3.52871054852,10.4209451325,22.6662517043,0.488163719544,5.9740779515,0.0,3.3660509634,8.22283630209,3.49127260166,0.0559483053923,-0.231676996115,0.0,448.4140294306292,448.0644436595327,449.5785983462721,448.3330486792017
4.020000000000002,3.73612125817,10.9211841981,22.8737538132,0.49160863615,5.96048192313,0.0,3.54848430972,8.45106814201,3.42447899734,0.0512834685495,-0.226714580138,0.0,462.02841019364763,462.36923245043016,462.0905429335276,461.72440431812805
4.080000000000001,3.95487583571,11.4353029342,23.0776801299,0.494680387692,5.95002444567,0.0,3.74388342746,8.68541799296,3.37205225302,0.0509831266178,-0.208450967375,0.0,468.96369429933594,470.33531690698044,469.4535274230024,469.431734136651
4.14,4.18382833817,11.9611056888,23.2741303039,0.502144860045,5.93925955762,0.0,3.88846387906,8.84126798851,3.17605005774,0.0267590195164,-0.224161154856,0.0,418.7015168224691,417.283674590381,417.9909136715202,415.8749110043911
4.199999999999998,4.42088949702,12.4952952608,23.4570940502,0.503739202821,5.9263938445,0.0,4.0144068487,8.96479906598,2.92325512916,0.0252482964868,-0.233819554525,0.0,394.36015272594165,393.40793552005226,393.9298885317776,393.7903480629916
4.259999999999997,4.66789444724,13.0396947608,23.6301594738,0.505541998877,5.91289855786,0.0,4.21981731947,9.18088634946,2.84468617229,0.0180492106491,-0.243114995937,0.0,463.99191705748194,463.2078608185102,461.7819778073344,461.21358464124813
4.319999999999996,4.92752871325,13.5970593099,23.7986725904,0.509287018665,5.89859861479,0.0,4.43538274567,9.39701106006,2.77126088286,0.0347624743132,-0.250306552485,0.0,466.9126081774781,466.2938023372441,466.4726793563165,467.77645304706397
4.379999999999995,5.19949263557,14.1663123656,23.9609508682,0.51224595791,5.88596267507,0.0,4.63072441471,9.57734482093,2.63741231779,0.0438687515092,-0.234557188255,0.0,446.42974491331086,447.65377929941843,445.987129675243,446.73121784836707
4.439999999999993,5.48336121614,14.7463300269,24.1151842067,0.524269659776,5.87338361582,0.0,4.83201432425,9.75634777984,2.50240347564,0.0762605460399,-0.222313758993,0.0,447.94832231757607,448.89092008961035,447.10366250096774,449.73793352136374
4.499999999999992,5.78030560095,15.3380831361,24.2628861994,0.530115417565,5.86299981122,0.0,5.0663539685,9.96794193642,2.41973909257,0.0874639298168,-0.242384476846,0.0,472.9696832636881,471.3719734567444,470.65177117379153,471.52311435228455
4.559999999999991,6.09121059736,15.9422159525,24.405115881,0.535670385401,5.85569420995,0.0,5.29710992256,10.1690921448,2.32023376734,0.0800749359769,-0.273080902395,0.0,469.90083889066966,467.4536955356079,468.2796401843762,467.70984338124634
4.6199999999999894,6.41354060884,16.5555462199,24.5366009479,0.540472597006,5.84317648015,0.0,5.44788651882,10.274980194,2.0628005305,0.0777941436075,-0.295858228469,0.0,407.0384334806323,404.9057531440331,406.1190458301308,405.92001932535965
4.679999999999988,6.74571270463,17.1759059861,24.6538679973,0.550953662354,5.83200833821,0.0,5.62490786853,10.4034753681,1.84554541298,0.103033175011,-0.268927590834,0.0,421.99680025803997,424.2281670482096,422.80748361973446,424.98382729803797
4.739999999999987,7.08940345254,17.8048001187,24.7594033547,0.558202262713,5.81598148395,0.0,5.83205180759,10.558973137,1.67132482541,0.0904556095553,-0.266321473418,0.0,443.80916507308433,443.9505181954699,443.54233712767945,442.5162175195412
4.799999999999986,7.44564974009,18.4428855346,24.8543093982,0.563678684853,5.80048344809,0.0,6.04339256913,10.7097331342,1.49139987043,0.0865473526751,-0.259829488063,0.0,444.2526140134295,444.7145534632492,442.9316946643889,442.616692547087
4.859999999999984,7.81341075818,19.0885611364,24.9362118347,0.570733350118,5.78510380471,0.0,6.21593265537,10.8123655844,1.238413515,0.070351510288,-0.266194551767,0.0,414.49576612174695,413.86111413374033,414.29793521197234,412.8767227748779
4.919999999999983,8.19391435337,19.7425489647,25.0063521725,0.580620704696,5.7691237048,0.0,6.4678002232,10.9863254465,1.09793552779,0.0952545249177,-0.268054533975,0.0,463.8957423335902,463.6810556994581,463.3400966159861,465.29922920773765
4.979999999999982,8.58723239103,20.4045156358,25.064286213,0.586569894877,5.75522078376,0.0,6.64334340491,11.0787514354,0.833095304754,0.0886214691294,-0.253036424793,0.0,413.2721104336454,414.5191428440376,413.32821119495696,412.75099043603456
5.0399999999999805,8.99373075948,21.0743274797,25.1099096473,0.592513522083,5.74010790047,0.0,6.90678328452,11.2471247623,0.686315401135,0.078668684475,-0.257362326293,0.0,466.33498151578215,465.93505901081664,467.6849776243365,466.9144306825572
